M0 = 0.171333
Ps0 = 551847.802143
Ts0 = 1231.672721
P0 = 562863.000000
T0 = 1238.000000
P01 = 562863.000000
T01 = 1238.000000
P1 = 492894.300380
T1 = 1196.119670
M1 = 0.447300
M1_rel = 0.189836
Vm1 = 128.722830
W1 = 129.267073
W1t = 11.849246
alpha1 = 0.000000
alpha2 = -65.000000
Cp1 = 1107.578571
gamma1 = 1.350000
Vt1 = -276.046999
P02 = 404976.993212
T02 = 1159.623404
P2 = 263724.000000
T2 = 1037.815346
M2 = 0.817507
M2_rel = 0.955599
Vm2 = 304.603677
W2 = 606.117918
W2t = 477.887838
beta1 = 5.259391
beta2 = 52.040000
Cp2 = 1107.578571
gamma2 = 1.350000
Vt2 = 416.364990
power = 24935.345347
eta_total = 0.790856
eta_static = 0.354787
euler_power = 29947.173074
degree_of_reaction = 0.400000
P0_P = 2.134288
Calculated_Massflow_Stator = 0.287229
Calculated_Massflow_Rotor = 0.287246
Calculated_Massflow_diff = 0.000017
dVt = -692.411989
massflow_deviation = 0.712754
power_deviation = 55064.654653
etal_total_inv = 1.264452
